523575 524042 524799 524547 525063 524400 523890 523964 524219 524582 524746 524601 524346 524725 522854 524679 524869 524472 524384 523304 524288 523874 522618 523169 524510 523612 524343 524387 524095 523551 523676 522815 523693 524463 523750 524389 524267 523839 523255 524569 524990 524281 524324 524390 523692 523833 523790 523441 525271 524973 524919 524291 523690 522638 523538 522483 523480 523745 523320 523843 524893 523515 523193 522795 
523560 524242 523904 524587 524643 523901 523216 524416 524034 524748 524403 524669 523998 523842 525225 524046 524481 524654 524394 523650 524531 523590 523059 522300 524717 524658 524313 524055 524561 523073 523602 523404 525026 524425 524435 524112 525044 523400 523418 522440 524808 523635 523778 524154 524374 524017 523999 522679 524173 523404 523528 524870 523788 522784 522981 523169 524671 523465 523030 524086 523369 523132 522688 523220 
523908 524014 524741 524629 524320 524771 524627 524766 524257 524735 524026 524590 523970 523275 523883 524921 524407 524304 524125 525589 524948 522793 523345 522720 523687 523666 523187 523750 524041 522526 524442 522889 524667 523443 523304 524150 524159 523238 523296 524190 523697 523665 523846 524292 523525 524146 523633 523858 524246 524519 524269 523860 524774 522285 523712 523847 524371 523966 522965 522637 524075 523550 523842 523147 
523727 524371 524563 523731 524404 524361 524799 524092 524055 524914 524103 525286 523571 525122 524625 524950 524745 524837 523789 524136 524564 522331 524204 522840 524454 524162 524348 523011 523951 524274 523209 523411 524577 524357 523921 524537 524073 523357 523598 523996 524797 523339 523896 524399 523322 523744 523804 524312 524295 524454 524051 524881 524303 522861 524026 522647 524725 523562 525001 524059 523357 524134 522727 522250 
524230 523861 524820 523709 523911 524724 524928 524521 524308 524222 523764 524591 524203 523902 524704 523942 523773 525048 524651 523617 523699 522889 523854 522103 525420 524599 523413 524610 523408 524349 523310 523013 524371 524289 524707 523561 523517 523598 522708 523424 524946 524265 523316 523679 523907 523395 524419 523609 524213 524268 524939 524882 524749 523264 523858 521974 523964 524498 523694 523805 523686 523390 523525 522625 
524347 524167 524773 524196 523574 524756 524293 524295 524606 523948 523761 524196 524610 524283 524133 523960 524972 524455 524246 524350 524453 523518 522308 523175 524452 523688 523649 523570 523313 523809 523527 522729 524283 524291 523529 524740 524628 523159 523822 524167 523965 523865 523842 524074 523731 523865 522825 523679 524885 523801 523958 523798 523488 523394 524720 522808 524005 523049 523393 523798 523632 523324 523094 522678 
524882 523535 523503 524127 523216 524371 524033 524053 524729 525077 523478 524913 523746 524519 524184 523958 523879 524325 523543 523361 523800 523540 523665 522093 524979 523037 524179 524074 523441 524122 523711 523442 524332 523909 524005 523934 523829 523605 523077 524680 523080 524071 523918 523919 524839 524565 524163 524031 525177 524277 524791 524188 525462 522717 523703 523105 524018 523430 523391 523328 523783 523751 523703 522637 
524843 524711 524040 524106 524223 524212 524389 524694 524299 524733 524939 524330 523723 524804 524400 524544 525101 525697 523887 524190 523674 522965 525109 522780 524676 524836 524032 524759 523813 522922 524831 524618 524102 524762 524162 523957 523580 524493 523279 524712 524860 524257 524618 524920 524057 523634 523940 523627 524152 524445 524012 524014 524187 523917 523313 524227 523664 523730 523410 523328 524720 523861 523084 523498 
523645 524173 523673 523893 524792 524002 524046 524191 524043 524969 524960 524882 525222 524165 523912 524547 524372 524859 524221 525265 524648 522609 523424 522650 523633 523504 523855 523881 523975 524004 522611 523927 524567 523892 524690 524893 525004 523932 523200 523718 523910 523972 524619 523994 523998 524205 523512 523047 524795 524118 524425 524012 523827 523689 524388 523596 524820 523097 523927 522609 523926 523423 523583 522798 
524771 524260 525652 524016 524518 523910 524638 523643 524868 524037 525109 525037 523960 523619 523967 523875 524312 524191 524992 523993 524193 522811 523713 522277 524197 524268 523608 524068 523907 523556 523179 523067 524789 525374 525030 523913 522797 524670 523285 523577 523781 524477 523749 522780 525103 523443 523172 523059 524307 524378 524996 523938 524728 524322 523349 523128 524365 523136 523261 523669 524139 524056 523510 522768 
524561 524190 525240 524994 524755 524471 524071 523883 525347 524641 524705 525044 523969 524673 523742 523518 524004 524092 524326 524814 524102 523680 523796 522210 524577 524144 523799 523889 524938 523166 523176 522945 523942 524741 524622 524393 524244 523769 524893 523269 524817 522776 524598 523423 522849 523414 524426 523793 523802 523779 523929 523523 524860 522608 522758 523422 524855 523888 522622 523218 524283 523801 522990 523397 
524450 524151 523719 523840 524118 523458 524766 524051 523829 524210 524594 524223 523389 524020 523853 524262 524122 524564 525002 524893 524746 524108 523833 523257 523037 523600 524120 523862 523863 524107 523122 523388 523586 523935 524096 523543 524298 523303 524610 523637 524001 523169 524340 523883 525567 523493 523961 524028 523889 524769 523483 524600 523171 524261 523815 523670 523921 523825 524944 524349 523848 522273 524255 523367 
524012 524014 524724 524639 525436 524276 524191 524087 524858 523951 524206 524272 524609 524050 524517 524667 524784 524768 524000 524690 523920 524416 524255 523611 523646 523833 524170 523861 524183 523790 524158 523909 525150 524456 523515 524753 524221 524098 524061 523764 523038 524908 524126 524037 523965 523506 523580 524484 525629 524267 524009 524860 525039 523219 523654 523551 524531 524932 524479 523915 523894 524357 523620 524636 
525277 523387 523483 523415 524297 523730 524175 524738 523488 524182 523744 524309 524207 524141 524417 524016 523619 522464 523674 524425 523516 523982 523701 522656 525066 523870 524066 524535 524751 522764 522740 524039 523483 524061 524565 524134 524661 522500 523405 523882 524728 524432 523899 523630 523129 523908 523950 522821 524164 524487 525050 523735 524909 522785 524150 523824 524281 523693 523630 523263 523444 523670 524623 523579 
523552 524332 524360 524364 524622 524336 524394 524331 524534 525631 523098 523978 524717 523172 525401 523802 523896 524525 524254 524654 524532 523496 524326 522758 523791 524212 524091 523982 524111 523508 524111 524086 523786 523952 524901 523659 524423 523984 522457 523064 523846 523233 523135 523348 524457 524608 523900 524359 524533 523776 523477 523707 524412 523939 524018 524209 524486 524253 523806 523137 523490 523636 522710 523605 
524584 523924 523849 523389 523821 523075 524395 524875 523563 523427 523665 523874 524654 524587 525065 523397 524611 525053 524573 524658 524451 523513 523553 524152 524264 523393 524456 523720 524848 523461 523851 523829 524681 524746 524697 524234 524055 524592 524379 523411 523695 524027 525045 523251 524065 524465 524733 524246 524433 524606 524294 523768 523882 523744 523539 523703 524446 522788 523734 524642 524084 524199 524491 523048 
524521 523722 523969 523548 523891 523965 524163 524743 523960 524947 524996 523821 524077 523926 524371 525400 523747 524771 523499 524481 523647 521691 523472 522372 524076 523024 523100 523404 523830 522593 524038 523393 524406 523495 523989 523624 525069 523408 523122 523709 523917 523367 524887 524333 523520 523469 523540 522846 523911 524525 524068 523522 524002 522360 523067 522914 523918 522052 523891 523864 524253 522435 523223 523088 
523615 524870 524440 524073 524357 524429 524248 524311 523742 523779 523850 524070 523776 523487 524004 524846 524812 524737 524510 524125 524775 522414 523837 522091 524705 523224 524253 522280 524871 521496 523495 523664 523803 523429 524810 525064 523954 523000 524058 523989 523085 523657 523812 524112 523855 524439 524196 524870 523310 524174 523762 524365 523856 522352 524382 523279 524776 522871 524785 524598 523987 522233 522655 522733 
525477 524386 524271 522857 524536 524009 523858 524245 523662 524079 524615 523439 524193 523941 525417 524409 524990 524433 523855 523775 523228 521974 523111 522796 523312 523062 523967 523661 524171 522275 523944 521603 524494 525229 524548 523979 523443 523037 523488 523546 524339 523182 523553 523988 523478 522178 523517 522846 524375 524633 523776 525014 524021 521390 523499 522213 523674 522557 523800 523422 524268 522107 523651 523146 
523558 524431 523270 523782 523815 523825 524362 524544 524057 524221 523841 524763 523998 524473 524301 524699 524173 523922 523901 524174 523850 522452 523225 523106 524411 523571 524310 523946 525174 523867 524543 523778 524737 524179 522774 523937 524591 523125 524556 523924 524139 523960 523292 523357 523688 523016 524497 523462 524848 524473 523446 524214 524555 522709 523765 523734 523813 523071 523937 524294 524014 522812 524644 523639 
524392 525076 524266 524647 524587 523855 524132 523395 524667 525074 524069 524903 524692 524744 523907 524986 524566 524244 524378 524641 524120 523953 524519 523897 524534 523306 524277 523941 523685 524939 523666 524393 524850 524166 524739 524526 524580 523968 523864 523198 523811 524667 524598 523192 524295 523697 524020 523660 523426 524103 525134 524476 524590 523896 524211 523275 525077 523975 524259 523673 523959 523405 523369 523362 
523568 525030 525171 523538 523991 524639 523858 524562 522805 525103 526091 524907 524391 524550 524599 524510 524810 525264 524646 522885 524817 524291 525148 523889 524712 523965 522783 523650 525065 524897 524319 524180 524153 524649 523666 524167 524372 525048 524559 524286 524420 524826 523541 525191 523831 523818 524731 524199 523487 523894 524835 523831 524800 523651 524231 523238 524673 524822 524285 524485 525032 523922 524220 525305 
524752 524136 524716 523844 524643 524275 524248 524487 524545 523836 523501 524866 524579 524874 524088 523479 523475 524463 523717 525489 523778 523872 524539 523292 524676 523372 524146 525025 524542 523405 524620 523395 524227 524860 523891 524519 524961 522961 523939 523506 523807 524281 523980 524189 524189 524269 523980 523415 523613 523629 525190 524874 523601 523945 523177 523706 524345 523727 523668 523780 524904 523775 524156 524300 
524065 524716 524810 524027 523759 523610 524980 524442 524119 524593 524468 524175 524767 524268 524439 523956 524326 524090 524223 523776 524578 523733 523388 523959 524744 524418 523543 524337 525004 524569 523829 523912 524533 524353 525225 523382 524643 525233 523326 523951 523817 524959 524624 524217 524040 524150 524258 524542 524682 524039 524659 524908 525055 524506 524328 523763 525452 523371 524410 524954 524419 524317 524977 524667 
524360 524254 523909 525014 524985 524950 523953 523675 524139 525047 524689 524302 523895 524358 524444 525177 524094 524431 523900 524135 523526 523547 523745 523682 524505 523700 524191 523373 524165 523235 524002 524721 523886 524470 524618 523895 523802 523197 523575 524659 523549 523988 524069 523623 524093 524015 523499 523531 523551 524122 524230 523898 524435 522176 523553 523726 523942 523310 524079 523211 523463 522685 523524 522808 
524603 523762 524526 524567 524198 524332 523723 524551 523688 524397 523847 524148 524388 524707 524810 525527 525111 524974 524110 524997 524161 523472 523744 523461 523818 523582 524164 523392 524054 522524 524548 523774 525535 524514 524144 524334 524117 524107 524955 524447 523889 523959 524351 523602 524088 523953 523582 523620 525295 522776 524722 523646 524676 522601 523376 522951 523706 523597 523568 523866 523717 523080 524127 523705 
524112 524549 524186 524374 524880 525234 524365 524288 524358 524073 524165 524069 524411 524273 524630 524212 523784 524356 524529 523841 524016 523841 524151 523730 524761 524123 523517 524275 524483 523268 524275 522797 524771 524878 524301 523520 523861 524544 525118 523622 524396 523992 524402 523848 524411 523732 523694 524042 524644 524880 523977 524087 524688 523412 524179 523404 524443 524679 523655 523547 524038 522628 522848 523669 
524121 525114 524226 524214 524194 523259 524690 524112 524269 524385 523650 525291 525048 524874 524990 524060 523602 524810 523476 523860 524634 523390 524920 525158 523073 524522 525151 524119 524336 524663 524262 523681 523789 524992 524376 523890 524593 524474 524766 524885 524638 524101 523357 524190 523810 524018 523939 524188 524338 524517 524124 524121 524026 523174 522725 523629 524617 524634 524819 524244 524748 524573 523235 524910 
525430 523947 524455 525174 525146 522857 524266 524175 523339 523461 524663 524924 524734 524467 524606 524329 523894 524237 524566 524406 524071 523423 523760 524239 524912 524708 523947 524619 524243 525299 523542 524694 523791 523935 524778 523958 524555 524348 524572 523676 523423 524697 524293 524036 524317 524813 523114 524121 524501 524234 524199 524513 524124 524380 524580 523947 525099 523718 524541 524909 524301 524712 524535 524311 
524984 523308 524263 524992 524111 523801 524240 525000 525092 524007 524638 524115 524604 523532 524347 525013 524386 524523 525052 524341 524366 523564 523966 523959 523695 524043 524092 523968 524722 523509 523864 524763 524227 523405 524034 524458 524968 524070 523053 524315 524211 524457 524193 524735 523218 524327 524653 523399 524668 524661 523727 523788 523996 524381 525636 525085 524157 524384 524421 523984 525171 524771 523483 524201 
524451 524592 523887 524548 524863 524906 523474 524196 523639 524186 524529 524142 523980 524491 524369 524435 524171 524597 523020 524100 524204 523774 523541 523770 524888 524018 523894 524974 524373 523534 524743 524275 524790 524522 523541 523781 524481 523699 523577 523585 524360 524882 523610 523769 523192 524392 525134 524684 524633 524396 523750 525171 524148 524172 524205 524683 523830 523795 523735 523792 524704 523078 523854 524395 
524461 525029 524711 524772 524283 523471 523956 525254 524427 524236 524057 524267 524292 524222 524444 523337 524418 523397 525008 524015 523969 524887 524480 524740 524399 523253 524942 524057 523952 524173 524515 524090 525055 523986 523563 525393 523899 524125 524605 523729 524442 524229 524493 524817 523636 524455 524240 524192 524426 524883 523944 524751 525117 524003 524748 524473 524755 524425 524526 523633 523938 524260 524120 525088 
524443 523406 524491 524249 524127 524539 524842 524147 525081 524192 524010 525468 523194 524779 523494 524413 524221 525040 524882 523588 523597 522595 523938 523723 524323 523510 524877 523830 524586 524299 523174 523921 524353 524971 524490 524022 523890 523350 525647 523893 524710 523887 524407 524414 523596 523824 525038 524665 524288 523368 524112 524760 523748 523711 523475 523669 524968 524277 524004 523161 523844 523978 523655 523740 
523723 524496 523252 524334 524805 524998 524678 524521 523621 524699 523445 524775 524300 524173 524765 524182 523770 524280 523315 524036 524036 523322 523553 523983 524567 522755 524275 523172 523876 523215 523608 523896 524294 523265 524299 523566 524417 523969 523412 524644 524626 523087 523492 524738 524076 523077 524400 524312 524568 524302 523702 524011 524616 523124 524338 523277 523734 522640 523241 524323 524073 522286 524122 523669 
524749 525030 524621 524327 524063 525015 524485 524371 524135 523512 524006 523862 524764 524170 523999 523720 524294 524599 524972 523724 523461 522567 523869 523175 523818 524090 524149 523580 524799 522526 523060 523448 524322 524298 523162 523643 523576 523399 524506 523346 523685 523167 523910 523572 525156 524178 524138 525032 524734 524122 524565 524143 523389 523824 523903 522833 524493 523800 523614 524531 523740 523256 524312 523078 
524284 525139 523666 524317 524406 524133 524456 524383 525166 524344 524272 523911 524176 524844 523983 525055 523844 524871 524186 523807 523959 523516 523334 523076 523586 523769 524072 524102 524139 523990 523827 523983 523834 524095 524345 524559 524474 524070 524482 523917 523846 523684 524928 524483 523596 523923 524785 525603 524560 524158 524757 523738 524985 523361 523855 524090 524276 523287 524384 524127 523789 523073 525350 523516 
524069 523627 524835 523836 524023 523582 524893 523895 524293 523887 523821 523439 524792 525076 524268 524134 523604 523875 524853 523910 524258 524156 524527 522327 525233 524500 523099 524844 524874 523827 523850 523615 524297 523738 524983 523980 524271 524138 524280 523669 524181 524042 524257 524001 524379 524104 524899 523861 525063 524575 524741 524974 524206 522796 524330 523364 524019 524173 523944 524244 524585 523592 524242 523243 
524596 524619 525008 523990 524421 524196 524095 524376 524731 525140 523919 524800 523744 524313 524733 523646 524688 524076 524043 524116 523918 523254 523959 522512 524687 524108 523460 523731 523988 524236 524196 524349 523665 524612 524203 523749 524588 523442 523905 524287 524058 523998 524044 524201 524317 524605 524745 525087 525266 523960 523917 525052 524774 522486 524327 524604 523813 523953 523546 524002 524179 522883 523786 524226 
523751 524151 524320 524162 524346 524600 523429 524931 523443 524160 524825 524703 523547 524541 524112 523206 524431 524899 524194 524487 523578 523817 524276 523403 523520 523807 523347 524025 523679 523279 523795 524338 524742 524389 523722 524668 523653 522925 525077 523329 524442 523698 523926 524407 524889 524442 524739 524363 524604 524711 524888 524858 523526 523316 524027 524237 524459 524078 524356 523277 523542 524261 524410 523924 
523927 523612 524350 524386 524802 524656 525188 523910 524221 524373 524378 524235 524136 523727 524246 523844 524681 523870 524214 524513 524721 523672 524052 523971 524026 524061 523738 523692 523896 523734 524230 524153 524004 525422 523379 524371 524997 524305 524411 524048 524331 523481 523627 524475 523729 524349 524656 524567 524459 524154 523602 524183 523619 524467 523482 524053 524641 524174 524573 524103 524388 523502 524959 523776 
523927 524362 525221 524367 524424 524670 524654 524498 524100 523823 523693 524058 524090 524622 524062 524512 524866 524139 523681 524396 523871 523894 524891 522972 524976 523801 523863 524760 524138 523773 523839 522999 522708 523737 524079 525689 524494 523007 524241 524059 523859 524516 524029 525067 523806 523473 523628 522827 523886 523809 524519 524742 524496 522408 524897 523749 524298 523755 524611 524109 523220 523321 524182 523419 
524752 524164 524803 524902 525166 524526 524771 524132 524427 524908 524248 522983 524322 523985 524504 524151 523659 524186 523877 524015 523913 523628 524060 524497 523946 523282 523008 524718 525469 522965 524625 523815 523527 524737 523808 524863 523540 524967 524755 524060 523967 524307 523377 523950 523942 524310 523549 524452 524522 523820 523980 523702 523000 523178 523337 523029 524833 524013 523912 523262 524630 523663 523364 523512 
523893 524524 523507 524452 523277 524626 523642 523863 524895 525132 523906 524281 524154 525078 523762 524797 524057 524405 523568 523957 523841 523176 524890 524658 524275 523067 524412 523982 524373 524094 523774 523882 525343 524421 525124 524760 524018 523224 524193 522819 524153 524648 524435 523838 524783 523900 524511 524341 524517 524758 525323 524182 524650 523527 524095 523651 523751 524396 523697 522826 524343 522972 523574 523510 
524854 524581 523904 524078 524324 524797 524035 524536 524512 523695 524674 525172 525378 524166 524198 524500 524937 524585 524325 524926 523573 523384 523984 524650 524155 523984 524009 524953 524510 523968 525009 525046 524571 523496 524153 523922 523870 524168 524225 523991 523871 525185 524715 525147 523515 523709 524890 524046 524742 524573 524379 524002 524506 523838 523495 524865 524025 523366 524395 523696 523983 522915 523799 524256 
524525 524199 524337 523670 524670 524136 523828 524499 524273 524102 524539 524805 524144 523686 524566 524426 523948 523570 524392 524397 524396 524893 524503 523908 524166 523399 524430 523997 523863 524085 524204 524073 524275 524067 523792 524780 523762 523810 524238 524113 524441 524258 524170 524675 523884 524177 523641 524666 525188 524388 524074 524430 525255 523827 524701 523819 523926 523570 523782 524264 524640 524094 523778 524197 
523993 523518 523706 524646 525237 524214 524871 524191 524895 523507 524145 524313 524876 523975 524229 524736 525240 525192 524433 524399 524129 524224 523907 523613 524449 523294 524196 524208 524649 523833 524717 524002 524638 524844 524360 523936 523933 524197 523954 524711 524304 524629 524058 523744 525092 524226 523729 523059 524181 524233 523890 524420 524350 523245 524237 524981 525135 523370 523783 524296 524626 524470 522863 523957 
525007 524660 523666 524434 523956 524830 524551 524534 524616 524459 523999 523996 525062 524731 524850 524503 524800 523766 524431 524060 523255 523903 524431 523398 523914 524018 523796 524772 523248 524054 523416 523516 523968 524307 524717 523710 523871 523568 524130 523283 523992 523411 523882 523831 524175 523231 523592 523506 524387 525364 524585 523660 524460 524413 523585 524029 523664 523406 524104 524155 524781 524522 523207 523681 
524835 523824 524858 524412 524266 523851 524902 524356 524621 524048 524600 524517 524529 523875 524372 524264 523790 524378 523861 524466 523649 524529 523676 524492 524870 525091 523469 524457 524238 523396 524515 524512 524393 524486 524303 524429 524518 524545 524309 523743 524078 524351 524048 524179 523947 524353 524161 524429 523932 523814 524434 524078 523243 523804 524338 523352 524602 523672 524853 524890 524338 524228 524194 523654 
523991 524955 524173 524280 523982 524928 523993 524950 523803 524923 524865 525467 523694 523675 524077 523679 524130 523747 523904 524467 523781 523773 524768 525247 523818 523859 524023 524555 524533 524118 523767 524720 525277 523224 523912 524403 524712 524526 524667 523812 524211 524014 523348 523339 524503 524057 524597 525066 524724 524094 524599 524957 523843 523247 523361 523715 524939 524681 523735 524781 523856 524569 524197 524211 
523492 524501 524048 524133 523563 524768 524451 524678 524781 524997 525210 524570 523179 523332 524271 523695 524256 525024 525459 524378 525201 523392 524688 524436 524905 523956 525046 523805 525014 523897 524199 524731 523675 524763 523949 525244 523676 524201 523610 524142 522964 524078 524907 524754 523949 524256 524650 524252 524848 524408 525223 524919 524801 523794 524342 523599 524282 523995 525886 523173 524210 524480 523676 524206 
523616 523975 523014 523817 523734 524192 524393 524820 523687 524437 524004 524201 524605 524655 524716 524049 524089 524041 524689 524663 524402 523338 523415 522472 524947 523999 524182 523241 523524 524181 523666 522817 523954 523760 524455 525077 524089 523312 523597 523549 523442 524027 523223 523860 524045 522490 523224 524553 523625 524463 524617 524211 524410 523351 523784 522448 525257 523358 523503 523292 524293 523257 522536 522825 
523966 523789 525147 525685 523662 524047 523842 524230 523818 524405 523429 523892 523795 524027 524704 524466 523535 524605 524652 524758 524703 524086 524510 524234 524542 524465 523622 524602 525038 524114 524721 524620 524391 523925 524178 524299 523961 523710 523670 524104 525480 523978 524272 524787 523760 523723 522992 524422 524210 523590 524524 524000 523750 524380 523579 525151 524346 524587 524540 524112 524098 524896 523268 524780 
523895 524714 523366 523286 523398 524208 524829 524733 523920 523957 523977 523732 522912 523446 524616 524166 523163 524890 525225 524871 524503 524119 524654 524744 524031 523893 523746 524905 525351 523741 523818 524497 524391 524499 523996 524594 524792 524930 524653 524239 524288 524557 524813 524645 524816 523628 523789 524633 524349 523960 524151 523637 523334 523221 524055 524023 524475 524291 524805 524730 524605 524762 524650 524417 
525279 524735 524588 524418 524650 524245 523482 524516 525021 524643 523814 523647 525000 524250 524370 524218 524253 523635 523827 523423 524596 523995 524397 524696 524122 524559 523597 524830 523911 523017 523626 523778 524248 524017 523463 524599 524183 524882 524260 525243 523897 523794 524429 523916 524357 524684 524662 524828 523521 523765 524545 524538 524185 524397 523895 524192 524596 524231 524234 524770 523497 524088 524613 524821 
525166 524415 523686 524997 524420 524871 523911 524715 524815 523954 523643 524275 523847 524818 524480 524587 524066 524376 524782 523694 523755 523137 522811 523803 523476 524854 524843 524133 524433 523521 523809 524405 524672 523746 524628 524111 524471 523633 524729 524246 524314 524248 524196 524929 525104 523663 524520 524676 523975 524438 523412 524239 524797 523680 523914 523540 524152 524503 524377 524260 524125 523807 524019 524107 
525022 523791 524642 523977 524876 524121 524314 525204 523339 524055 523770 524202 524148 523930 524632 524610 524416 524027 523401 524061 524988 524215 523473 524433 524125 523039 524068 522694 524150 523375 524133 525286 524411 524388 524635 524016 523203 525525 523710 523721 524546 524598 524554 524103 525070 524479 523740 524338 524397 523849 524068 523796 524536 524770 523603 524906 525170 524996 522997 524083 523917 524749 524914 524623 
525155 524222 525362 524496 524139 524600 524103 524453 524470 523831 523589 524733 524950 524149 524920 524579 524430 524568 523689 523777 523813 523833 524282 522545 524546 523572 524362 523447 523025 524247 524232 524730 524809 523714 523714 524157 524913 523414 524149 524243 523722 523718 525064 524549 523786 524023 524083 524724 524155 524458 523671 523873 524522 524135 523481 523593 523837 524955 524273 523417 524440 523871 523550 523349 
524365 523743 524232 525106 523352 523766 524409 524745 524276 524977 524911 523184 525367 523737 524004 524059 524465 523814 523903 524243 524868 524076 523766 523475 523934 524305 524005 524455 524604 523591 523520 524060 524064 524830 524454 524117 523851 524386 523524 524616 524697 524280 523519 523513 524131 524370 523848 524853 524394 524129 524107 524235 524250 523525 524217 524382 524554 524027 523767 523468 524766 523516 523823 524790 
523415 525027 524718 524419 524482 523432 524519 524383 524522 524598 524563 524110 523992 525554 524795 523993 524066 524883 523529 523645 524466 523993 523530 525974 524679 524033 523750 523607 524475 525198 525007 522905 524868 525091 525550 523808 525072 524384 523616 523318 523945 524888 524928 524162 524838 524957 523087 523940 523488 524979 524381 524166 524648 523376 523611 523979 524400 523735 524850 524648 523898 524442 523762 523142 
523621 524859 524242 524646 523431 523934 524681 524154 524783 524119 524683 524237 523714 524628 524605 523516 523075 524140 523649 524570 523457 523553 523874 524259 524259 524589 524024 523472 524889 524638 523923 523728 524007 524723 524455 524495 523730 523514 523898 525149 524200 524117 524050 524276 524866 523864 524086 524794 523823 525141 525117 523971 524792 524527 523550 524483 525036 523923 523395 524620 525290 523950 523465 524459 
524252 524225 523702 524175 524420 524600 524401 523975 523917 524071 523993 524011 523610 524238 523678 523059 523769 523222 524289 524695 523110 523976 524104 524359 524601 523961 524957 524265 523730 523920 525035 524289 522914 524199 523642 523858 523590 524069 524509 523839 525458 524524 523448 524259 523650 524179 524398 523812 524588 524240 524326 523739 523494 524333 524342 524070 524238 524231 523846 524300 523925 524099 523540 523696 
524602 523761 524386 524504 524099 524612 523588 525275 524914 524443 523964 524823 523673 524162 524303 524937 524296 524765 524411 524236 524444 523686 524483 524167 523613 523647 523661 523375 523923 524262 524096 523614 525335 524198 524361 524642 524519 524012 523719 524939 522419 523751 524950 524147 525141 525086 523379 524861 524589 523629 525668 524195 523943 523299 523734 524090 523942 522876 524200 523741 523460 524602 523863 524690 
524541 524875 523963 524001 524705 524052 523729 524175 524011 524725 525028 524122 524243 524765 523409 523942 524938 524449 523698 524541 523319 524309 524574 524000 524500 523564 523885 524154 524044 523311 523785 524292 524091 525600 524315 524232 523998 524168 524404 524390 523568 524422 524409 523486 523997 523232 523133 524327 524159 524936 525242 524332 524109 523797 524506 523534 524022 523981 523937 523534 524044 524078 524210 525378 
524180 523603 525357 523840 523923 524194 524292 523515 525524 524232 524654 524696 523679 524495 524894 523620 523816 523646 524559 525124 523845 525653 524088 524574 524758 524080 524138 525012 524028 523236 524232 523582 524283 524766 524804 524687 523532 524707 523951 524398 523710 523122 523892 524479 524901 524570 525368 523965 524169 525192 523787 524792 524749 524912 524757 523595 523721 525170 524734 523953 524177 523517 524592 523702 
