524944 524242 524290 524938 525836 524191 524133 524487 524320 524269 524246 524570 524132 523276 524287 524062 525102 523714 524346 525099 524321 523562 523943 524614 523852 524397 524624 524185 524008 524515 523497 524224 524291 524694 524231 524156 524382 523613 523287 523691 523226 524414 524671 523954 524234 524446 523137 524672 524229 525028 524228 524009 524066 524146 524765 524244 524277 523991 524815 524610 524299 523939 524038 523806 
524638 523591 523968 523860 524114 523693 524424 524558 524782 524902 524861 523538 524163 524984 523521 524703 523840 524283 524108 523644 524984 524483 523484 524916 524391 525417 524420 524557 524678 523503 525219 523614 524734 524695 524413 523859 524089 524659 525603 524229 524352 523651 523747 523999 523913 523411 523629 524532 524986 524455 525034 524514 524553 523645 523500 524070 523859 524052 524487 523589 524130 524198 524850 523510 
524473 524487 524005 524874 523883 523906 524015 524737 523838 524442 523127 524091 523773 523982 524746 524143 524877 524133 524081 524440 524754 524317 524825 523664 523518 524389 524271 525913 524063 525056 524573 524405 524713 523275 524433 523416 523948 523150 524109 524412 524436 523502 523379 524476 524610 524028 523521 523535 524265 524071 524420 523183 524273 523926 523509 523624 524226 523195 524041 524084 524419 524151 524202 524253 
524297 523813 523716 523928 524009 523460 524057 523607 524972 524221 524171 524691 524080 525167 524410 524561 524534 524380 523947 524887 524382 524580 524045 524402 523534 524953 524097 523903 523692 523594 524467 524119 524044 523594 525051 523479 524212 524204 524769 523895 524112 524247 524841 524768 524800 523535 524291 523543 524428 524802 524232 523702 524651 523917 524674 524345 524065 523902 524227 524730 524471 524440 524699 523973 
523345 524440 524616 524154 523411 524769 524715 524610 524319 523575 523109 523649 524523 523846 524537 523824 524810 524329 524598 524074 523991 523676 524134 523712 523960 525292 524780 524132 524174 523936 525162 525279 524512 524557 523453 524595 523828 524649 523865 524006 523821 523977 524176 523371 523945 524475 523506 523934 523875 524980 524545 524962 524164 524086 524725 524329 524527 523907 523977 524509 524318 524173 524005 523170 
524247 523880 524373 524372 524053 525063 523245 524554 523949 523518 524037 523308 524429 523961 523772 524238 523825 524682 523345 524525 524091 524529 523153 523556 524932 524380 524030 524114 524123 524156 524212 523881 525163 523624 524045 524350 523757 524852 523595 524519 524900 523683 523886 524370 524269 524114 525080 525275 524615 524668 524381 525223 523584 524408 523068 524897 524447 523507 524244 524315 523258 524251 524789 524158 
523397 523824 524725 524359 525408 524650 523661 524298 524747 524265 524457 524678 523244 524444 524107 523844 524441 524440 524679 524442 524322 523961 524334 523456 524879 524107 523945 524763 524822 523860 523874 523784 524428 524557 525281 524665 523711 524216 523892 524085 523275 524693 524706 523796 524788 524224 523979 524090 523223 523664 525338 524896 524036 524131 524787 523544 524056 524152 524115 524869 523332 523418 524572 524591 
523952 524022 524420 524897 523915 524553 524852 524151 524018 523810 524705 523304 524477 523958 524634 524199 524437 525192 523940 523825 524521 523623 525577 523856 524363 524089 524619 524203 524230 524894 524495 524109 525009 524795 525086 525030 524431 524193 523873 524315 524379 523000 525070 524709 524425 524868 524068 523884 524846 525235 524372 524612 524622 523018 525234 524307 523945 524296 523984 523823 524123 523933 523813 524558 
524760 524951 524526 524131 523288 523593 523678 525245 524400 524707 524386 525133 524343 524450 524203 525432 524253 523557 523794 524841 524390 525214 524392 524495 525391 524804 524748 524462 524922 523297 523336 524253 524541 524700 524649 524231 523541 523987 524134 524364 524571 524387 524568 524702 524357 525024 524140 524678 523644 524942 524619 524075 524026 523260 524183 524232 524521 524312 524082 523964 524525 525521 524100 524109 
524990 524198 523482 524448 524610 524710 524119 524306 523871 523871 524278 524865 523891 523604 524666 524526 524343 523607 524107 524189 523890 523334 523889 523441 523370 524185 523834 522838 524572 524776 522958 524397 523669 524891 524220 524846 524279 523824 524185 524535 523610 525210 525303 524622 524584 523510 524189 524821 523491 525143 524437 525483 523768 523936 524071 523719 524225 525593 524960 524181 524629 524476 523719 524321 
523566 523611 523858 525083 524643 524348 524291 524632 524670 523778 524282 524095 525156 523588 523834 525000 524641 524396 524843 523248 524005 524275 524066 523443 523928 523815 523789 524804 524146 524173 524532 523929 524111 524099 525394 524283 524207 524357 524453 523903 524505 523681 525320 524613 524567 524512 523659 524150 525518 524002 525004 523433 524825 523888 523732 524309 524347 524289 523640 524811 524569 523155 524718 523948 
525274 525912 524428 524560 524807 524034 524342 524190 524375 524576 524648 524739 524601 524105 523952 524670 524185 524415 524357 524127 524576 524300 524905 524376 523749 523975 523012 524876 522942 523315 523737 524687 524616 523803 524020 523645 524074 524508 523582 524735 524038 525316 523944 524833 524639 524119 525144 524348 523999 523825 524478 524652 524178 524161 524194 523924 524673 522649 524762 523255 524693 524267 524755 524335 
523964 524340 524313 523858 523809 523890 524858 524792 524716 524117 524618 523887 524569 523641 523600 524514 524481 523707 524340 523785 524457 525067 525235 524118 523857 524615 523819 523640 524500 522601 523223 523653 524432 524246 523829 524530 524842 524761 523933 523264 525046 523696 524154 524878 523717 524052 524054 524537 524263 525230 523597 524742 523948 524337 524467 524246 524247 524066 525044 524257 523504 524404 524777 524480 
524460 524985 523317 525309 524867 524524 524753 524422 524089 523924 524593 523774 523715 523983 524680 524684 524004 524272 524825 524502 523857 524344 524632 523650 523819 523806 523995 523933 524440 524095 523779 524279 523268 524962 524664 525131 524565 523963 524718 523941 524699 524811 524583 523888 524056 523758 523554 524008 524582 525038 523835 522789 523880 524385 523905 523678 523791 524646 524117 524306 523968 523930 524710 524291 
523557 524378 524179 524267 523510 524799 524014 523838 524155 524131 524361 524950 523470 524258 524238 523809 524731 524253 523733 525099 523413 523819 524170 524044 524746 522985 524310 524191 523732 524417 524726 524466 523897 524055 524964 525226 524002 524172 523701 524337 524670 523995 523375 525573 524797 524660 524115 524799 524076 525176 524269 524750 524037 524037 524134 525021 523880 525526 524472 523854 524039 523786 523315 523947 
523071 524386 523745 524483 524676 524551 524145 524536 524472 523741 524214 524241 524430 523498 523915 524522 524333 523674 524701 524401 524647 524692 524071 523956 524116 524539 524565 524127 524183 524663 524923 524587 523938 524204 523715 524565 523274 523938 523924 524159 523205 524286 524656 525121 524472 523713 523994 524053 524334 524349 525207 523913 524277 524592 523819 522729 524349 523917 524599 524086 523749 523737 524237 525034 
523553 524799 523905 524999 524361 524055 524723 524026 525109 524055 524523 523608 524562 524438 523014 524724 524825 524869 524131 524537 524223 523506 524267 525256 523840 524280 524982 524712 524306 523941 523173 524432 525003 524346 523868 523571 524313 524838 524766 524361 524687 523775 524533 523780 524909 523823 523273 524306 523669 524018 524116 524705 524819 525547 525116 523529 524708 523812 524780 523861 525679 523548 524570 523924 
524324 524125 525247 524854 523911 524241 524345 523773 523837 523989 524225 524690 524828 523521 523095 524593 524427 523833 524264 524231 524129 523085 523553 523921 524892 524037 523572 524448 524570 523498 524356 523916 524296 523667 524263 524003 523669 523865 524558 524272 524086 523929 524537 525267 524382 524322 525089 523974 523636 524349 524483 525088 523715 523995 523870 524006 523859 523993 524302 523169 524812 523930 523575 523931 
524981 524370 524793 524711 524162 524212 524088 523385 524429 525113 524362 524595 523539 524482 523932 524807 523963 524170 524745 524572 523885 523576 523725 523606 524278 523954 523827 523407 523917 524508 523946 524191 524424 524337 523405 524164 524664 523896 525244 524758 524817 523862 524129 524661 524709 524291 524080 524825 524420 524267 524192 524841 525038 523086 523957 523563 524254 524165 523665 524227 523551 524422 523439 523856 
523331 523992 523997 524497 524481 523309 524364 523735 524938 524270 524777 524010 523768 523932 523947 524209 524418 523508 524213 524805 524633 524133 524736 524945 523396 524366 524896 523260 524586 524567 524418 523651 524141 524358 524313 524105 524206 523452 524119 524118 524641 524852 524093 524576 522746 524827 524040 524375 525003 524698 523863 523562 524515 524245 523993 523669 524977 524931 523946 523762 523702 524743 523752 524666 
523411 524070 524593 523837 524242 524555 524662 524487 523294 524528 525285 524111 524175 524918 524680 524444 523688 524118 522864 524957 523788 524391 524501 523928 524326 523914 524668 523708 524477 524183 524882 524246 524496 524708 524663 524797 524232 524147 524656 525059 523868 524927 524500 525200 524075 524597 523893 523627 524248 524626 523806 523793 524016 523884 524291 524368 524072 524312 524338 524552 524559 523570 524819 523736 
523753 524856 525421 522858 523850 524556 524371 524345 524062 524833 524479 524179 524106 523832 523767 524463 523791 525051 524143 524486 523989 524436 523992 524707 523465 523858 525366 523986 523513 524163 524277 524937 524236 524310 523768 524459 524014 524486 524493 523679 525217 524546 524080 523300 523800 524277 524366 524630 525369 524761 525311 524208 525128 524831 524183 524033 524476 523495 523729 524602 523356 524508 524240 524826 
524718 524972 523317 524563 524837 525044 524673 523590 524298 525383 524004 524599 524593 524485 524254 524329 523606 523337 524307 523947 523345 523908 524530 524457 523500 523616 524739 524707 524920 524629 524226 524777 523907 524248 524757 523777 524124 524218 524608 524652 524850 524431 523991 524422 524932 524643 524257 524762 524055 525117 524762 525068 523871 523728 524482 524290 524160 523256 524322 524146 524224 523202 524671 524095 
524078 523937 524930 524834 523780 524057 524973 524078 523774 524260 523806 524877 524869 523351 524066 523277 523809 523990 524922 524252 524267 523871 524482 524374 524353 524579 524798 525565 524304 524791 523935 524638 524809 523935 523983 525239 524385 522906 523733 524013 523817 524728 524538 524989 523637 524603 524501 524469 524523 524761 523765 523696 524147 524620 524407 524806 524676 523578 525267 524589 524698 524134 524235 524357 
524174 523501 523908 524725 525218 524139 524762 523465 525416 524522 523549 523630 523041 523744 524044 524385 523391 524756 524952 523340 523165 524852 523121 524601 524272 523728 523349 524799 524301 523498 523674 524079 524900 524499 524531 524327 524368 524092 524046 524914 524700 524337 524444 523491 524533 524838 524491 523352 524462 524270 523471 523778 525419 524428 524382 523861 524307 524131 524167 523632 524511 524284 524894 523622 
524676 524411 523806 524334 523605 524409 524026 524306 524398 524506 524750 523631 525002 524997 524983 525087 523478 524121 524580 524057 524324 524427 525132 522847 524315 524891 524434 524587 523531 523653 524506 524086 524614 525168 524209 524281 524909 524027 523176 524638 523940 523594 524800 524151 522942 523932 524539 524193 524495 524700 523955 525074 524584 523629 523252 523494 525165 525097 524861 524001 523294 524067 523353 523923 
525893 524412 525080 523868 524291 524868 524800 523584 523949 523832 524461 524420 524304 524585 525175 524637 524076 524071 524417 523624 524298 523039 523620 524652 524705 525064 523420 523089 524606 523865 523475 524002 524103 523670 525479 523954 523887 524008 524222 525077 524103 524129 523969 524664 523588 524438 523690 523385 524000 524743 524564 523301 524595 524302 523689 524167 523847 524180 524315 523650 525037 524599 524528 523879 
524254 524659 524721 524354 523597 523898 523803 523243 524889 525099 524294 524856 524638 524298 524581 524872 524484 524113 524558 524222 524880 523466 524866 523797 523862 524671 525026 524358 524468 522903 524991 524057 524134 524125 524474 524772 524732 524178 523966 524990 523507 524515 524080 524219 523357 523879 523795 523049 524272 524237 524046 524303 523616 523671 524236 524923 525082 523807 523637 525127 523880 524121 524231 524716 
525048 523808 524334 524844 524533 524751 524022 523943 524716 524958 523746 524479 523964 524883 523462 524545 523473 524255 523779 524365 524057 524388 524231 523695 524497 524603 524543 524150 524825 524116 524193 523744 524137 524114 523968 525101 524684 524337 524300 524411 524780 524594 524448 524028 524208 523386 524207 524860 524219 524209 523968 524301 525890 524535 524483 524400 523716 523865 524042 524841 524043 523821 524124 524139 
523784 524350 524405 524483 524158 523291 524794 524457 523102 524862 524781 525440 523374 524136 524729 524585 523820 524141 523963 524140 523616 522997 524438 523313 524997 525197 524042 524547 523077 524574 523611 523987 524780 524153 524432 524335 524443 524139 524238 523687 523651 524223 524122 523059 524297 524595 523641 524921 524766 523655 525076 524242 524522 523751 524645 524036 523441 524163 524363 524076 524116 523988 524593 524284 
524379 525168 524675 523830 524276 524396 524303 523927 524508 525029 524383 524279 524529 524468 524502 523983 524226 525007 524843 524368 524248 524991 523382 525240 523675 524022 524615 524620 524612 523650 525001 523742 524635 523839 524269 524734 525049 524982 524108 525204 523947 524068 524201 524047 523557 524293 524052 524341 523877 524781 524849 523637 524294 524748 524898 523612 523668 524541 524201 524252 524169 523539 524707 524550 
525007 525091 524695 523156 523640 524507 525174 524916 524214 525060 523350 523815 523854 523748 524412 524649 524915 524520 524427 524614 525153 524484 524182 524747 524391 524109 524727 525064 523790 524705 523686 524883 524576 524808 524601 525004 524121 524031 524660 523570 523730 524373 523687 524523 524496 523356 524012 523538 524941 523340 524719 524903 523772 524469 523355 523395 524232 524222 524459 524787 524636 524808 523985 524242 
524356 525153 524434 524257 524618 523710 524727 523947 524103 523064 524520 523760 524642 523977 524235 524761 524062 524700 524651 523702 524213 524750 523752 524301 523222 523977 524368 524119 524995 524355 523012 523932 524590 524437 524147 523548 523366 524382 524356 524371 524048 523944 524970 523871 524648 524132 524061 524059 523927 524876 524467 524218 525456 524632 524409 523755 524001 524722 524720 523911 523965 524126 522991 524536 
523791 525527 523738 524688 524479 524131 524239 524103 523973 524867 524913 524825 524928 524976 523495 524174 525096 524341 524814 524108 524212 523713 524205 524083 524280 523455 524396 524467 524488 523176 524169 524987 524524 526068 524208 523946 524273 523748 525154 523818 524090 523950 524673 524209 524282 524163 524121 523766 524871 524072 524050 524295 524529 524585 524569 523885 524222 524794 523535 523672 524671 524813 525637 523927 
525247 524420 523953 524806 524358 524113 523783 524071 524450 523447 523687 525354 524625 524538 524075 525289 524482 523589 523808 523504 525235 523990 525002 524480 524301 524092 524285 524259 524636 524426 523622 524623 523857 524278 523700 524254 524389 524382 523438 524187 524644 524110 524249 524663 524415 524278 524263 524332 525572 524665 524205 523716 523664 524272 524115 525451 524196 523848 524394 524319 523689 523818 524719 524199 
524893 523905 525133 525231 524282 524436 524510 523794 524481 523202 523566 525085 524126 524747 524183 524973 524279 524727 525251 524178 524715 524468 524416 524391 524174 523706 524350 523869 524280 523533 524802 523704 524332 523512 524065 523539 523336 524152 524447 524221 524384 523821 524586 524085 524528 524717 523953 523275 525026 525028 524576 523795 524365 524033 524352 523851 524093 524619 523761 524326 524461 524098 523242 525304 
524922 525018 524063 524021 524414 524589 523448 524023 525019 524499 524835 524395 523757 524739 524623 523944 524818 524433 523651 524557 524072 524665 523573 524043 523645 523910 523629 524091 525325 524638 524747 524170 523428 523959 523870 523785 523447 524439 524093 524254 524115 523659 524276 524022 525196 524851 524164 523994 525217 525031 524992 524453 524260 524495 523872 524974 524855 524441 523579 524951 524183 523652 524247 524348 
524095 524010 524102 524898 524603 525206 523907 524377 524146 523828 524221 524354 524863 523717 524490 524518 524401 524420 523867 524053 523750 524505 523705 524700 524125 523333 524461 524790 524055 523653 524463 524912 523962 523418 523104 524384 524620 524386 524778 523981 524498 523908 523909 524076 523815 523715 524613 524434 524333 524089 523728 524337 524614 524497 523949 524210 523551 524724 524442 524450 523507 524248 524346 524184 
523905 524225 524452 524054 524226 525099 524271 524517 524798 524753 523367 524113 523914 523831 524425 524027 523962 523475 524241 524698 524470 524062 524185 524541 524672 523766 524330 524332 524125 524568 524371 524873 524101 524617 524513 523577 524155 524480 525270 524730 524474 523528 523952 524204 525152 524428 524251 523972 523682 525322 523981 524207 524133 524082 523879 524203 524896 525348 524943 524776 524085 524092 524347 524266 
524074 523080 523351 524243 523690 523480 523742 524255 524225 523717 524112 523958 524175 524202 523852 524362 524415 524926 524892 524016 523747 525194 524549 525216 523977 524337 523868 523797 522975 524195 524034 524830 523359 524020 523948 523317 523433 524142 524147 524139 524048 525115 524618 524444 524233 524229 524272 524102 523694 523972 523956 524145 523351 524079 524284 523955 524661 523631 525026 524170 524825 524492 524063 524438 
523847 523910 524140 524351 524350 524765 524933 524396 523405 523382 524515 525071 524048 525165 523660 524824 524657 524493 524173 524939 524824 524533 524327 523370 524533 524469 524399 523522 524601 524209 524406 524177 523790 524479 523522 524034 524870 523625 524372 524212 525271 524214 524413 523594 523919 523719 524129 524564 524339 524026 524092 524344 523299 523714 524278 523893 524342 524627 524809 522908 524537 524394 523372 524422 
523847 523605 524497 524083 524028 524214 524087 524657 524309 523710 523833 523955 525514 524107 524210 524304 524469 524188 524673 524551 523890 523728 523543 525447 523986 523304 523331 523242 524067 523899 524502 524483 523738 524378 524533 523803 523870 524657 524420 524120 524366 523504 524200 524762 524037 524722 523875 523923 523957 524074 523405 524614 522686 523590 524188 524425 523941 524297 524715 524199 523698 523129 524362 525080 
524715 523993 524738 524168 523879 524822 523790 525262 525150 524742 525101 523571 524898 524060 523678 524642 523718 524205 524902 524519 524718 524523 523557 523974 525153 524589 523933 523509 524777 524241 523632 525047 524463 524016 524278 524451 524208 523990 523403 525702 524343 524782 524594 524779 524470 523716 524013 524163 524713 523965 523906 523795 524281 522755 524817 522966 524725 523736 524331 523475 524648 523855 524860 523659 
524769 524181 524419 524282 524383 524515 525307 524563 525397 524916 524432 523775 524718 523793 523913 524371 524118 524049 524536 524487 525206 523917 524382 524466 524165 525379 524480 524413 524302 523643 524056 524599 524161 524176 524191 524151 523588 524829 522937 523658 524368 524256 525058 524771 524115 525328 524706 524961 524226 523288 524240 524501 524486 523431 523996 524574 523622 524469 524895 524210 523872 523329 524556 523564 
523990 524390 523952 524112 524115 524215 524057 524318 524486 524753 524280 524766 524670 523872 523832 524353 523861 523903 524797 523704 524954 524157 524149 524121 524784 524183 524388 524515 524938 523985 524619 524963 524323 524247 523218 524041 523077 524060 524561 525228 525232 525038 524140 524435 523812 524158 524094 525058 524533 524315 524691 524118 523904 524058 523581 525109 523762 523566 524695 524519 524947 524392 523866 524786 
523533 524284 524448 524566 524094 524580 523563 524282 523880 525011 523599 523661 523920 524646 524735 525171 524019 524148 523985 524660 524466 523926 524179 525201 524249 524839 524193 524697 523603 524130 524965 524784 524051 523902 525472 524225 524152 524101 524634 523961 524323 524353 524771 523996 523913 523461 523549 524434 523695 524194 524899 524403 523474 524078 523733 525131 524501 523135 524687 525176 524888 524384 524020 524456 
525483 524300 524088 524548 524827 523997 524259 524355 523655 524750 523547 523757 524003 524481 525143 524755 524911 524670 523618 524600 524726 524429 524606 523994 524458 523907 524550 523796 524661 524573 524453 524293 524167 523943 523537 524122 525904 524209 524324 523955 524600 524082 524875 523476 524707 523869 523704 523399 524417 525224 524179 524639 523319 523662 525224 524384 523536 524192 524411 523671 523708 524811 523218 524501 
524860 524327 524673 524537 523953 524420 524702 524589 525003 523536 524671 525001 523287 523874 524082 524471 525180 524478 523627 525256 524732 524561 525174 523951 523754 524063 524413 524109 524250 524209 524094 523860 524776 524695 524661 524088 522781 524468 523541 524210 524723 524295 524050 523960 523523 524900 524362 524755 523808 525278 523875 523252 524280 524645 524278 523716 524244 524217 524272 525726 524374 524083 524193 523878 
524449 524016 524065 524858 524378 523911 524527 524597 523871 524485 523850 523604 524613 523924 524939 524073 523447 523884 524484 524131 523903 524009 525253 524311 523862 524084 524580 524861 524659 524418 524694 524032 524288 524501 525202 523469 524220 524602 524445 524546 524283 524790 524486 524262 524007 524671 524074 524681 524783 524234 523889 523735 524033 524691 523897 523929 523942 525486 523807 524385 524177 524560 524026 524405 
524316 524478 523963 523976 524230 523805 523651 523555 524167 523795 523910 524591 525052 524013 524086 523521 524748 523996 524748 524310 524514 524590 523916 524370 525145 524422 524602 525150 524986 524907 524075 524102 523924 524681 525023 524340 524390 525329 523423 524279 523761 525043 524098 524333 524689 523832 523998 524111 523517 524562 524705 524733 524121 523800 524379 523589 523906 524009 523572 524191 524422 524675 525183 524395 
524853 524947 524061 523946 524755 523901 524073 525009 524147 524635 525402 523628 524689 523102 524807 524583 524574 524340 524293 523877 524265 523711 525063 523728 525402 524646 524118 523081 523069 524608 524552 524123 524464 524730 523394 524742 524513 524169 524655 525158 524586 524385 524398 523508 523241 523586 522979 524319 524349 524753 524288 523477 524127 524104 524924 524520 523218 524510 524971 523685 524563 524955 524779 524258 
523790 524796 524697 524603 523795 524064 523897 524089 524563 524661 524143 523724 524689 524152 524296 524005 525114 523616 524829 524279 524731 524316 523839 524569 524623 523409 523536 524055 524044 524451 524510 524535 523749 523558 524079 523910 524370 524783 524562 524206 523747 523252 525106 523831 523850 524369 524610 524836 525219 524035 525018 523839 524342 524285 524126 524919 523789 524558 524779 524042 524561 524831 523871 523471 
524240 524911 524000 524146 524262 525098 524532 524281 523779 524679 524351 524280 524198 524746 524208 525056 523523 524157 524153 523721 525071 524795 524185 524546 524184 523602 523724 523588 524139 524119 523811 523517 524696 524188 524404 524248 523975 524172 523273 523119 524604 524437 524402 524079 524972 524898 523874 524318 525281 524763 525047 525406 524668 524218 524269 523837 525126 524037 524120 525094 524126 524168 523672 523944 
523770 524111 523460 524333 525426 524419 525264 524787 523440 523780 523218 523892 523966 524653 523789 523829 524240 524068 524000 523946 524115 524205 524693 523851 524283 524838 524139 524015 524557 524514 524002 524291 523819 524028 524673 524556 524529 524164 523830 524375 523872 524134 524416 523619 524091 523663 524142 524087 524953 523734 523233 524318 524643 524493 523212 524000 524397 524603 524393 525115 524141 524835 524013 524680 
523665 524348 524179 523580 524654 524080 525252 524334 524169 523960 524544 524495 524292 524328 523775 524013 523971 524515 524200 524242 524263 523858 524109 524202 524204 523728 524204 524069 523375 524239 524227 524497 523989 522943 524137 523794 524331 524865 524026 524419 524224 524602 523766 524403 523853 523714 523954 524155 523480 523694 523555 523530 524126 523516 524690 523195 524428 524678 523384 525087 523208 524100 524081 524617 
524785 524095 524799 524432 524823 524039 524293 523850 523192 524881 524417 524509 524898 524269 524133 524411 525019 523956 524187 524415 523790 524621 523858 524072 524063 524037 524798 523091 523337 525449 523729 524223 523906 524292 524529 525379 524710 523712 524951 524585 525322 525255 524650 524561 523971 523629 524650 524584 523964 524516 525049 524709 525329 523265 524368 523714 524023 524989 524724 524370 523676 524568 523443 524417 
524540 525042 523594 523646 524335 524419 524267 524577 523959 523966 523890 523849 523814 524796 524792 522630 523652 524253 523914 524910 523345 524871 525057 524143 524641 523975 524599 523938 525138 524322 524244 523051 523972 524947 523674 524636 524586 523806 523480 524569 524186 524056 524559 524715 524713 524529 525196 524985 524902 524809 524121 524659 523892 524459 524278 524237 524749 523859 524720 524551 524473 524783 524633 524877 
524494 523849 524528 524056 523866 524389 524314 524035 524554 524482 524604 523881 523988 523980 524161 523981 525171 523798 524703 524989 524256 524922 523440 523884 524152 524284 523655 524807 524471 524220 524527 523510 524523 523990 524899 524168 523865 523169 523792 523153 524442 523504 523891 524138 523592 523485 524228 525242 524916 524210 523640 524485 523638 525133 522843 524169 523943 524602 524335 524028 524969 524308 524724 524019 
524379 524448 523087 523227 524090 524963 523918 523729 524515 524760 522951 523999 524925 523796 524150 525131 524773 525173 524614 523995 523910 524037 523574 524838 523743 524073 524158 524522 524472 525015 523870 524229 523806 524354 523603 525635 524606 524797 524291 524378 524205 524246 524713 525484 524892 523653 525634 524617 523957 524710 524716 522938 523317 524060 524356 523954 523996 524178 523998 524471 524033 524099 523333 523484 
523380 523997 524052 524854 524277 523580 524067 524010 524413 524753 524619 523710 524425 524023 524161 523772 524221 524804 525760 523786 524491 524197 524253 524066 524326 522884 524505 523795 524079 524481 523949 523666 525068 524255 523819 524711 525396 524562 524264 523345 524870 524417 524074 525759 523751 523615 525156 524384 523744 524289 524169 524457 523584 523934 524278 524634 524737 523968 523828 523479 524247 524078 523684 525252 
525222 524276 524294 524202 523700 523985 523975 525123 524348 525250 525050 524422 524009 524735 523222 524394 524913 524117 524074 525029 524509 523972 524248 524117 523902 524556 524243 524277 524996 524630 525397 523039 524165 524501 524641 523831 524481 524584 524381 524583 524982 524067 524359 524071 524364 523939 523953 524143 523751 523898 523475 524353 524427 523984 524843 524015 524115 524275 523943 523305 524352 523783 524830 524406 
525023 525288 524229 524072 524661 524657 524764 524722 524468 525387 523893 523535 524855 524922 525370 524815 524403 523834 524768 524584 524356 524586 524179 523717 524726 524843 524553 524927 524697 523868 524556 524472 524407 524922 524096 524676 524450 525206 524244 523792 524132 524216 525250 524239 524321 523408 523429 524432 524051 524077 525129 524554 524172 524523 524731 523201 523865 524947 524480 524334 523965 524029 524860 523502 
523624 523550 525159 524616 524233 524485 524637 523798 524100 524125 524789 523638 524424 525048 524763 523965 523550 525013 524486 524224 524249 523979 524807 524874 524752 524219 524984 523941 524684 524310 525513 523027 524025 524789 524887 524883 523733 523861 522757 523816 524340 524815 524443 523916 524698 524379 523877 525272 524631 524818 525488 524813 524284 523708 524450 524241 524435 524171 523803 523791 524856 524716 524963 523818 
524533 523399 524070 524942 524725 524446 524351 524100 524835 524553 524447 524091 524575 524592 524308 523731 524854 524182 524052 523661 523603 523874 524720 523659 523646 524592 524289 523556 524414 524716 523228 524286 525345 523844 523512 524166 524747 524637 524293 525298 525366 523531 524714 524005 523351 524289 525318 524913 524560 524880 523316 524167 523681 524532 523833 523988 524423 525235 523486 524810 524738 524097 524667 524166 
